Pb-Sn                     See commentary below !              GTT  22-2-1994
  2   5   0   2   2   2   2   0
Pb                       Sn
    207.2000                 118.7100
  6   1   2   3   4   5   6
  2   1   2
LIQUID
RKMP
Pb
 4 3   1.0   0.0
 600.65000     -2977.9280      93.964931     -24.524223     -.36589500E-02
-.24395000E-06 0.00000000
3 0.00000000      -9.0 -.60144000E-18   7.0 0.00000000       0.0
 1200.0000     -5678.0030      146.19157     -32.491396     0.15461300E-02
0.00000000     0.00000000
3 0.00000000      -9.0 0.00000000       7.0 0.00000000       0.0
 5000.0000      9010.7080      45.087458     -18.964064     -.28829430E-02
0.98144000E-07 -2696755.0
3 0.00000000      -9.0 0.00000000       7.0 0.00000000       0.0
Sn
 4 3   0.0   1.0
 505.08000      1249.0870      51.337011     -15.961000     -.18870200E-01
0.31211670E-05 -61960.000
3 0.00000000      -9.0 0.14931665E-17   7.0 0.00000000       0.0
 800.00000      9495.4290     -9.8234570     -8.2590490     -.16814429E-01
0.26231310E-05 -1081244.0
3 0.18420000E+24  -9.0 0.00000000       7.0 0.00000000       0.0
 3000.0000     -1286.2540      125.16815     -28.451200     0.00000000
0.00000000     0.00000000
3 0.18420000E+24  -9.0 0.00000000       7.0 0.00000000       0.0
  2
  1   2   2
 5125.0000      1.4642400
 293.82000     0.00000000
  0
BCT_A5
RKMP
Pb
 4 3   1.0   0.0
 600.65000     -7161.0850      105.23519     -24.524223     -.36589500E-02
-.24395000E-06 0.00000000
3 0.00000000      -9.0 0.00000000       7.0 0.00000000       0.0
 1200.0000     -10042.115      157.77815     -32.491396     0.15461300E-02
0.00000000     0.00000000
3 0.80564400E+26  -9.0 0.00000000       7.0 0.00000000       0.0
 5000.0000      4646.5960      56.674045     -18.964064     -.28829430E-02
0.98144000E-07 -2696755.0
3 0.80564400E+26  -9.0 0.00000000       7.0 0.00000000       0.0
Sn
 4 4   0.0   1.0
 250.00000     -7958.5170      122.75003     -25.858000     0.51185000E-03
-.31927670E-05  18440.000
3 0.00000000      -9.0 0.00000000       7.0 0.00000000       0.0
 505.08000     -5855.1350      65.427891     -15.961000     -.18870200E-01
0.31211670E-05 -61960.000
3 0.00000000      -9.0 0.00000000       7.0 0.00000000       0.0
 800.00000      2524.7240      3.9898450     -8.2590490     -.16814429E-01
0.26231310E-05 -1081244.0
3 -.12307000E+26  -9.0 0.00000000       7.0 0.00000000       0.0
 3000.0000     -8256.9590      138.98146     -28.451200     0.00000000
0.00000000     0.00000000
3 -.12307000E+26  -9.0 0.00000000       7.0 0.00000000       0.0
  2
  1   2   1
 17117.780     -11.806560
  0
BCT_A5
RKMP
Pb
 4 3   1.0   0.0
 600.65000     -7161.0850      105.23519     -24.524223     -.36589500E-02
-.24395000E-06 0.00000000
3 0.00000000      -9.0 0.00000000       7.0 0.00000000       0.0
 1200.0000     -10042.115      157.77815     -32.491396     0.15461300E-02
0.00000000     0.00000000
3 0.80564400E+26  -9.0 0.00000000       7.0 0.00000000       0.0
 5000.0000      4646.5960      56.674045     -18.964064     -.28829430E-02
0.98144000E-07 -2696755.0
3 0.80564400E+26  -9.0 0.00000000       7.0 0.00000000       0.0
Sn
 4 4   0.0   1.0
 250.00000     -7958.5170      122.75003     -25.858000     0.51185000E-03
-.31927670E-05  18440.000
3 0.00000000      -9.0 0.00000000       7.0 0.00000000       0.0
 505.08000     -5855.1350      65.427891     -15.961000     -.18870200E-01
0.31211670E-05 -61960.000
3 0.00000000      -9.0 0.00000000       7.0 0.00000000       0.0
 800.00000      2524.7240      3.9898450     -8.2590490     -.16814429E-01
0.26231310E-05 -1081244.0
3 -.12307000E+26  -9.0 0.00000000       7.0 0.00000000       0.0
 3000.0000     -8256.9590      138.98146     -28.451200     0.00000000
0.00000000     0.00000000
3 -.12307000E+26  -9.0 0.00000000       7.0 0.00000000       0.0
  2
  1   2   1
 17117.780     -11.806560
  0
FCC_A1
RKMP
Pb
 4 3   1.0   0.0
 600.65000     -7650.0850      101.71519     -24.524223     -.36589500E-02
-.24395000E-06 0.00000000
3 0.00000000      -9.0 0.00000000       7.0 0.00000000       0.0
 1200.0000     -10531.115      154.25815     -32.491396     0.15461300E-02
0.00000000     0.00000000
3 0.80564400E+26  -9.0 0.00000000       7.0 0.00000000       0.0
 5000.0000      4157.5960      53.154045     -18.964064     -.28829430E-02
0.98144000E-07 -2696755.0
3 0.80564400E+26  -9.0 0.00000000       7.0 0.00000000       0.0
Sn
 4 3   0.0   1.0
 505.08000     -1705.1350      60.227891     -15.961000     -.18870200E-01
0.31211670E-05 -61960.000
3 0.00000000      -9.0 0.00000000       7.0 0.00000000       0.0
 800.00000      6674.7240     -1.2101550     -8.2590490     -.16814429E-01
0.26231310E-05 -1081244.0
3 -.12307000E+26  -9.0 0.00000000       7.0 0.00000000       0.0
 3000.0000     -4106.9590      133.78146     -28.451200     0.00000000
0.00000000     0.00000000
3 -.12307000E+26  -9.0 0.00000000       7.0 0.00000000       0.0
  2
  1   2   1
 5132.4100      1.5631200
  0
#############################################################################

Date           : 22.2.94
Originator     : KH
Serial No      : PBSN.DAT
Quality Status : A
ChemSage Vers. : 4.0

Temperatures   : RT - 1500 K
Compositions   : All
Applications   : Phase equilibria and all thermodynamic properties

                 NOTE: The double entry of the BCT_A5 phase (Sn-terminal
                       solution) is required because of the inherent meta-
                       stable miscibility gap.

Sources of data

Unary          : 92SGT
Binary         : 92SGT

Species and interaction list:

LIQUID
Pb
Sn
Pb-Sn

BCT_A5
Pb
Sn
Pb-Sn

FCC_A1
Pb
Sn
Pb-Sn

References     : 92SGT  SGTE Solution database, Edition 1992

###########################################################################

