 System Pb-Zn-Cu-Fe-Cl-e(CuCl)-e(FeZnsoln)-e(ZnFesoln)
    8    1    0    11
 Pb                       Zn                       Cu
 Fe                       Cl                       e(CuCl)
 e(FeZnsoln)              e(ZnFesoln)
   207.20000000              65.38000000              63.54600000
    55.84500000              35.45300000               0.00054858
     0.00054858               0.00054858
   6   1   2   3   4   5   6
   6   1   2   3   4   5   6
 Cl2(g)                  #
   4  4    0.0    0.0    0.0    0.0    2.0    0.0    0.0    0.0
  1600.0000      12809.016     -120.39923     -20.680767         0.00000000
     0.00000000 -158356.65
 3 -.25474356       1.50  2365.0449       0.50 -8299.3704      99.00
  3800.0000      13434169.     -55196.104      6062.5675     0.18893144
 -.48495258E-06 -.25706483E+09
 3 -100.31370       1.50  952147.59       0.50 -3941479.6      99.00
  6000.0000      29413795.     -19700.928      1734.5976         0.00000000
     0.00000000 -.14098302E+10
 3 -8.2020644       1.50  692726.84       0.50 -6110513.9      99.00
  6000.0000     -1966.4883      27.523866     -37.570456         0.00000000
     0.00000000     0.00000000
 1     0.00000000   0.00
 Fe_bcc(s)               #
  13  2    0.0    0.0    0.0    1.0    0.0    0.0    0.0    0.0
  1811.0000      1225.7000      124.13400     -23.514300     -.43975200E-02
 -.58926900E-07  77358.500
  1812.0000     -24287.831      298.76801     -46.000000         0.00000000
     0.00000000     0.00000000
  1043.00      2.22000      1.00000     0.400000
 Cu_solid(s)             #
   4  3    0.0    0.0    1.0    0.0    0.0    0.0    0.0    0.0
  1100.0000      4202.9035      197.36619     -33.557531     0.45658239E-02
 -.11445611E-05 -106313.40
 1 -2799.2454      99.00
  2000.0000      7533338.7     -12223.998      1111.3179     -.46747244E-01
     0.00000000 -.18031373E+09
 2 -1909966.9      99.00  328507.90       0.50
  2001.0000     -10155.016      192.76214     -32.844000         0.00000000
     0.00000000     0.00000000
 1     0.00000000   0.00
 Zn_solid(s)             #
   1  2    0.0    1.0    0.0    0.0    0.0    0.0    0.0    0.0
  1000.0000     -6832.4901      108.04852     -21.980430     -.44352990E-02
 -.55097997E-06 -21533.868
  1001.0000     -10737.869      171.87601     -31.380000         0.00000000
     0.00000000     0.00000000
 Pb_solid(s)             #
   1  2    1.0    0.0    0.0    0.0    0.0    0.0    0.0    0.0
  1100.0000     -7283.4602      95.043571     -23.465163     -.48891149E-02
     0.00000000 -21956.982
  1101.0000     -7495.8742      128.60133     -29.000000         0.00000000
     0.00000000     0.00000000
 CuCl(s)                 #
   1  1    0.0    0.0    1.0    0.0    1.0    0.0    0.0    0.0
  6001.0000         0.00000000     0.00000000     0.00000000     0.00000000
     0.00000000     0.00000000
 CuCl2(s)                #
   1  1    0.0    0.0    1.0    0.0    2.0    0.0    0.0    0.0
  6001.0000         0.00000000     0.00000000     0.00000000     0.00000000
     0.00000000     0.00000000
 ZnCl2(s)                #
   1  1    0.0    1.0    0.0    0.0    2.0    0.0    0.0    0.0
  6001.0000         0.00000000     0.00000000     0.00000000     0.00000000
     0.00000000     0.00000000
 FeCl3(s)                #
   1  1    0.0    0.0    0.0    1.0    3.0    0.0    0.0    0.0
  6001.0000         0.00000000     0.00000000     0.00000000     0.00000000
     0.00000000     0.00000000
 FeCl2(s)                #
   1  1    0.0    0.0    0.0    1.0    2.0    0.0    0.0    0.0
  6001.0000         0.00000000     0.00000000     0.00000000     0.00000000
     0.00000000     0.00000000
 PbCl2(s)                #
   1  1    1.0    0.0    0.0    0.0    2.0    0.0    0.0    0.0
  6001.0000         0.00000000     0.00000000     0.00000000     0.00000000
     0.00000000     0.00000000
